38 79 3
28 36
0 2
3 34
29 21
37 35
28 32
0 10
37 2
4 5
13 14
34 35
27 19
28 34
30 31
18 26
0 9
7 8
18 24
18 23
0 5
16 17
29 30
10 11
0 12
15 16
0 11
0 17
18 22
23 24
0 7
35 23
22 23
1 2
0 13
18 27
25 26
32 33
28 31
24 25
28 35
21 22
4 33
28 29
36 22
18 25
37 23
18 21
5 6
19 20
0 14
35 36
9 10
0 6
20 21
0 3
33 34
14 15
28 33
11 12
12 13
17 1
18 19
36 29
0 4
0 15
0 1
18 20
2 3
0 16
8 9
0 8
26 27
28 30
3 4
31 32
6 7
37 1
37 24
35 2
0
18
28
37
02
25
2
03
25
35
04
25
23
05
25
22
06
25
21
07
25
29
08
25
36
09
25
35
10
25
2
11
25
3
12
25
4
13
25
33
14
25
32
15
25
31
16
25
30
17
25
29
18
25
36
19
25
35
20
25
2
21
25
37
22
25
23
23
25
37
24
25
2
